4.917874309597725091e-03
5.591728965071152135e-03
6.348146081102790106e-03
7.195812241039267754e-03
8.144132771363221668e-03
9.203266097171203253e-03
1.038415649405594054e-02
1.169856470407021343e-02
1.315909583824431683e-02
1.477922394459363353e-02
1.657331257953859049e-02
1.855663068309187924e-02
2.074536302502938412e-02
2.315661446158417958e-02
2.580840722106358953e-02
2.871967042327627784e-02
3.191022103288082556e-02
3.540073545181421366e-02
3.921271097188849808e-02
4.336841633646054683e-02
4.789083070070843107e-02
5.280357033430049807e-02
5.813080247882115859e-02
6.389714585573624817e-02
7.012755741930393194e-02
7.684720506278941432e-02
8.408132611554208768e-02
9.185507161258155140e-02
1.001933364767045032e-01
1.091205759248414231e-01
1.186606085942578659e-01
1.288364070786794380e-01
1.396698767676857744e-01
1.511816240926376897e-01
1.633907154965149600e-01
1.763144286606532218e-01
1.899679977354792881e-01
2.043643545317771482e-01
2.195138678303580060e-01
2.354240831577425197e-01
2.520994655499499970e-01
2.695411479820679634e-01
2.877466882742998888e-01
3.067098373921015031e-01
3.264203221354335938e-01
3.468636452568923390e-01
3.680209060576716817e-01
3.898686444814657426e-01
4.123787116574645362e-01
4.355181697329735258e-01
4.592492236829079921e-01
4.835291875870857403e-01
5.083104876271253847e-01
5.335407037738506553e-01
5.591626518150260017e-01
5.851145070144609939e-01
6.113299703000962815e-01
6.377384774544634372e-01
6.642654513303938302e-01
6.908325966431665410e-01
7.173582364030938185e-01
7.437576885561074658e-01
7.699436809007478288e-01
7.958268018550702649e-01
8.213159841634599667e-01
8.463190181684069335e-01
8.707430908331880159e-01
8.944953462951334977e-01
9.174834633625197355e-01
9.396162450475306072e-01
9.608042149589677283e-01
9.809602151667327075e-01
1.000000000000000000e+00
5.089214100780334871e-01
5.172059957399204322e-01
5.248177214132490054e-01
5.317231187713453711e-01
5.378915316471992725e-01
5.432953426153079857e-01
5.479101788994852340e-01
5.517150954592144885e-01
5.546927333304387808e-01
5.568294515459564220e-01
5.581154312326475075e-01
5.585447507739726980e-01
5.581154312326475075e-01
5.568294515459564220e-01
5.546927333304387808e-01
5.517150954592144885e-01
5.479101788994852340e-01
5.432953426153079857e-01
5.378915316471992725e-01
5.317231187713453711e-01
5.248177214132488944e-01
5.172059957399204322e-01
5.089214100780334871e-01
5.000000000000001110e-01
4.904801075833663537e-01
4.804021074794837531e-01
4.698081225237652481e-01
4.587417316812598678e-01
4.472476731475667489e-01
8.707430908331882380e-01
8.463190181684067115e-01
8.213159841634599667e-01
7.958268018550702649e-01
7.699436809007478288e-01
7.437576885561076878e-01
7.173582364030935965e-01
6.908325966431662080e-01
6.642654513303938302e-01
6.377384774544634372e-01
6.113299703000967256e-01
5.851145070144612159e-01
5.591626518150257796e-01
5.335407037738506553e-01
5.083104876271253847e-01
4.835291875870857403e-01
4.592492236829082697e-01
4.355181697329734147e-01
4.123787116574645362e-01
3.898686444814657426e-01
3.680209060576716817e-01
3.468636452568925610e-01
3.264203221354334272e-01
3.067098373921013366e-01
2.877466882742998888e-01
2.695411479820679634e-01
2.520994655499499970e-01
2.354240831577426030e-01
2.195138678303580060e-01
2.043643545317771482e-01
1.899679977354792881e-01
1.763144286606532218e-01
1.633907154965150432e-01
1.511816240926376065e-01
1.396698767676857744e-01
1.288364070786794380e-01
1.186606085942578659e-01
1.091205759248414231e-01
1.001933364767044754e-01
9.185507161258155140e-02
8.408132611554208768e-02
7.684720506278941432e-02
7.012755741930393194e-02
6.389714585573633143e-02
5.813080247882115859e-02
5.280357033430049807e-02
4.789083070070843107e-02
4.336841633646054683e-02
3.921271097188849808e-02
3.540073545181421366e-02
3.191022103288082556e-02
2.871967042327627784e-02
2.580840722106358953e-02
2.315661446158417958e-02
2.074536302502938412e-02
1.855663068309187924e-02
1.657331257953859049e-02
1.477922394459363353e-02
1.315909583824437235e-02
1.169856470407021343e-02
1.038415649405594054e-02
9.203266097171203253e-03
8.144132771363221668e-03
7.195812241039267754e-03
6.348146081102790106e-03
5.591728965071152135e-03
4.917874309597725091e-03
4.318578801627892538e-03
9.822032870348718081e-03
1.062908014432517589e-02
1.152761713832500812e-02
1.252956014750145064e-02
1.364878018578885577e-02
1.490146225213323516e-02
1.630654319369245764e-02
1.788624726942406040e-02
1.966674384386579710e-02
2.167895860953900078e-02
2.395957891463551537e-02
2.655230594358526375e-02
2.950942275118823011e-02
3.289376901432411460e-02
3.678124300048374318e-02
4.126399174488815103e-02
4.645450622310987043e-02
5.249091587223903010e-02
5.954388566144266925e-02
6.782567318139656742e-02
7.760212417863546208e-02
8.920870499310282198e-02
1.030721394432539684e-01
1.197399140567069753e-01
1.399209634175282713e-01
1.645424473787610586e-01
1.948300134125331151e-01
2.324228516434002634e-01
2.795411380143399405e-01
3.392337637766774106e-01
4.157514980336297628e-01
5.151202946716241238e-01
6.460414556749338733e-01
8.213394684940267254e-01
9.555381410579639745e-01
7.451424007553657525e-01
5.897488568092255079e-01
4.730093697754539361e-01
3.839866966431301765e-01
3.152059221580119641e-01
2.614631637987854806e-01
2.190794004176600529e-01
1.854239031658009851e-01
1.586062081772987298e-01
1.372778514001112837e-01
1.205106315487809443e-01
1.077357220588477660e-01
9.874379338146996310e-02
9.376769265120127317e-02
9.370997670831343607e-02
1.006724207243574198e-01
1.191940912984223444e-01
1.593347402884876252e-01
2.451473148628059151e-01
4.412762516379453159e-01
3.283211327297567150e-01
1.859525107563881618e-01
1.167649315935439802e-01
7.943298589342773219e-02
5.754018060125404288e-02
4.379236266692193569e-02
3.464997172707823259e-02
2.826784011227251314e-02
2.362485271905934159e-02
2.012639730159732077e-02
1.741057385316985284e-02
1.524837551313895645e-02
1.348977410573787283e-02
1.203336857719067288e-02
1.080866207452202410e-02
9.765370001844353443e-03
8.866777438326645111e-03
8.085500721853600137e-03
7.400716241809490725e-03
6.796307373321985867e-03
6.259599328388709694e-03
5.780478544051392831e-03
5.350768582677467577e-03
4.963780309796606005e-03
4.613982526902038472e-03
4.296757209984791714e-03
4.008215081053312367e-03
3.745054822716809007e-03
3.504454291808956068e-03
3.283985495986074810e-03
3.081547431427578143e-03
1.755299824988315605e-02
1.930690629474363096e-02
2.123606607643191424e-02
2.335798887289147752e-02
2.569193570138839089e-02
2.825909215370575600e-02
3.108276070099619259e-02
3.418857221387056056e-02
3.760471861772496371e-02
4.136220879515278837e-02
4.549515005830712111e-02
5.004105774618211600e-02
5.504119575707386303e-02
6.054095110728680007e-02
6.659024591601170329e-02
7.324399055602551223e-02
8.056258208353017647e-02
8.861245247145535520e-02
9.746667162262165340e-02
1.072056106364069339e-01
1.179176713494892448e-01
1.297000887728181340e-01
1.426598137086581009e-01
1.569144835593531961e-01
1.725934901399931720e-01
1.898391541876779665e-01
2.088080172285830538e-01
2.296722625292977882e-01
2.526212780306312244e-01
2.778633754508718079e-01
3.056276811630666557e-01
3.361662160100991614e-01
3.697561829363676389e-01
4.067024832012423596e-01
4.473404840143597738e-01
4.920390627149980878e-01
5.412039551280192207e-01
5.952814384899096645e-01
6.547623823754097350e-01
7.201867043956031722e-01
7.921482711125271692e-01
8.713002886566433292e-01
8.713002886566433292e-01
7.921482711125271692e-01
7.201867043956031722e-01
6.547623823754097350e-01
5.952814384899096645e-01
5.412039551280192207e-01
4.920390627149980878e-01
4.473404840143597738e-01
4.067024832012423596e-01
3.697561829363676389e-01
3.361662160100991614e-01
3.056276811630666557e-01
2.778633754508718079e-01
2.526212780306312244e-01
2.296722625292977882e-01
2.088080172285830538e-01
1.898391541876779665e-01
1.725934901399931720e-01
1.569144835593531961e-01
1.426598137086581009e-01
1.297000887728181340e-01
1.179176713494892448e-01
1.072056106364069339e-01
9.746667162262165340e-02
8.861245247145535520e-02
8.056258208353017647e-02
7.324399055602551223e-02
6.659024591601170329e-02
6.054095110728680007e-02
5.504119575707386303e-02
5.004105774618211600e-02
4.549515005830712111e-02
4.136220879515278837e-02
3.760471861772496371e-02
3.418857221387056056e-02
3.108276070099619259e-02
2.825909215370575600e-02
2.569193570138839089e-02
2.335798887289147752e-02
2.123606607643191424e-02
1.930690629474363096e-02
1.755299824988315605e-02
0.000000000000000000e+00
0.000000000000000000e+00
0.000000000000000000e+00
0.000000000000000000e+00
0.000000000000000000e+00
0.000000000000000000e+00
0.000000000000000000e+00
0.000000000000000000e+00
0.000000000000000000e+00
0.000000000000000000e+00
0.000000000000000000e+00
0.000000000000000000e+00
0.000000000000000000e+00
0.000000000000000000e+00
0.000000000000000000e+00
0.000000000000000000e+00
0.000000000000000000e+00
0.000000000000000000e+00
0.000000000000000000e+00
0.000000000000000000e+00
0.000000000000000000e+00
0.000000000000000000e+00
0.000000000000000000e+00
0.000000000000000000e+00
0.000000000000000000e+00
3.989605362671233557e-01
3.989605362671233557e-01
3.989605362671233557e-01
3.989605362671233557e-01
3.989605362671233557e-01
3.989605362671233557e-01
3.989605362671233557e-01
3.989605362671233557e-01
3.989605362671233557e-01
3.989605362671233557e-01
3.989605362671233557e-01
3.989605362671233557e-01
3.989605362671233557e-01
3.989605362671233557e-01
3.989605362671233557e-01
3.989605362671233557e-01
3.989605362671233557e-01
3.989605362671233557e-01
3.989605362671233557e-01
3.989605362671233557e-01
3.989605362671233557e-01
3.989605362671233557e-01
3.989605362671233557e-01
3.989605362671233557e-01
3.989605362671233557e-01
3.989605362671233557e-01
3.989605362671233557e-01
3.989605362671233557e-01
3.989605362671233557e-01
3.989605362671233557e-01
3.989605362671233557e-01
3.989605362671233557e-01
3.989605362671233557e-01
3.989605362671233557e-01
3.989605362671233557e-01
3.989605362671233557e-01
3.989605362671233557e-01
3.989605362671233557e-01
3.989605362671233557e-01
3.989605362671233557e-01
3.989605362671233557e-01
3.989605362671233557e-01
3.989605362671233557e-01
3.989605362671233557e-01
3.989605362671233557e-01
3.989605362671233557e-01
3.989605362671233557e-01
3.989605362671233557e-01
3.989605362671233557e-01
3.989605362671233557e-01
8.544430324235562368e-01
8.534935720847010021e-01
8.524906347788591132e-01
8.514312084939634762e-01
8.503121115707659161e-01
8.491299831477072679e-01
8.478812730676098530e-01
8.465622312158772589e-01
8.451688962581851428e-01
8.436970837438387827e-01
8.421423735390686227e-01
8.405000965525262213e-01
8.387653207131114952e-01
8.369328361580221642e-01
8.349971395865428692e-01
8.329524177325817735e-01
8.307925299063246838e-01
8.285109895525714085e-01
8.261009447703729913e-01
8.235551577354659480e-01
8.208659829637058314e-01
8.180253443502188970e-01
8.150247109153189173e-01
8.118550711843475209e-01
8.085069061244966049e-01
8.049701605573369445e-01
8.012342129611988994e-01
7.972878435727163149e-01
7.931192006917373583e-01
7.887157650884069060e-01
7.840643124055318713e-01
7.791508734433130190e-01
7.739606922071730066e-01
7.684781815926903237e-01
7.626868765745495882e-01
7.565693847589307630e-01
7.501073341508315284e-01
7.432813179794623970e-01
7.360708364160097883e-01
7.284542350087415130e-01
7.204086396505549050e-01
7.119098878836711553e-01
7.029324563351633248e-01
6.934493840653994656e-01
6.834321915991965479e-01
6.728507953965235933e-01
6.616734175058915923e-01
6.498664901291029139e-01
6.373945548107486925e-01
6.242201559497035923e-01
6.103037283128083246e-01
5.956034782129286942e-01
5.800752579945371856e-01
5.636724334498832700e-01
5.463457437675693917e-01
5.280431535929366316e-01
5.087096967559684435e-01
4.882873111973947688e-01
4.667146645972513053e-01
4.439269701822223801e-01
4.198557921585999164e-01
3.944288401865400640e-01
3.675697522783800686e-01
3.391978654690221417e-01
3.092279735696599197e-01
2.775700712773386813e-01
2.441290838718586376e-01
2.088045816882536099e-01
1.714904785073454174e-01
1.320747129585906343e-01
9.043891197840472906e-02
4.645803531327041824e-02
0.000000000000000000e+00
0.000000000000000000e+00
0.000000000000000000e+00
0.000000000000000000e+00
0.000000000000000000e+00
0.000000000000000000e+00
0.000000000000000000e+00
0.000000000000000000e+00
0.000000000000000000e+00
0.000000000000000000e+00
0.000000000000000000e+00
0.000000000000000000e+00
0.000000000000000000e+00
0.000000000000000000e+00
0.000000000000000000e+00
0.000000000000000000e+00
0.000000000000000000e+00
0.000000000000000000e+00
0.000000000000000000e+00
0.000000000000000000e+00
0.000000000000000000e+00
0.000000000000000000e+00
0.000000000000000000e+00
5.591728965071152135e-03
4.917874309597725091e-03
